198691871
198706721
198717494
198718308
198728781
198730603
198809263
198811506
198838533
198845263
198845348
198847853
198853225
198856876
198863800
198865372
198878168
198878278
198882937
198883062
198888207
198890145
198894403
198900399
198927387
198971266
199035996
199026282
199068186
199082053
199082915
199090537
199099152
199114113
199115439
199121029
199123624
199126149
199125868
199135404
199191889
199191986
199193074
199196221
199197986
199198343
199198401
199199499
199204792
199211187
199223353
199223729
199253636
199256174
199264485
199267805
199268752
199290714
199290979
199415404
199425247
199450453
199498354
199499212
199512411
199538725
199521148
199537260
199553410
199559292
199566689
199626799
199638887
199639294
199641049
199647388
199702206
199731707
199760954
199812916
199817946
199824500
199833988
199867881
199878244
199883667
199886683
199888725
199895078
199928397
199929319
199935051
199943685
199946535
199948150
200005443
200005739
200008963
200017640
200018868
200019806
200020117
200057610
200061502
200061661
200063661
200064907
200066999
200067442
200070726
200076040
200076171
200083712
200100406
200186473
200187269
200266136
200263991
200265591
200266228
200265768
200263080
200283268
200284443
200294522
200321450
200321243
200320720
200320420
200320190
200322661
200322611
200322543
200319901
200319588
200322867
200322782
200319298
200317756
200318169
200323089
200322974
200317657
200316907
200317170
200323330
200323267
200323202
200316760
200331384
200307116
200409965
200417033
200458774
200463348
200481385
200265953
200494169
200262828
200262575
200496818
200500454
200501448
200381881
200543236
200543208
200543181
200543543
200544459
200544824
200553274
200592478
200595219
200616642
200618171
200625069
200661131
200681649
200682841
200694387
200709052
200728968
200729585
200731402
200739887
200744810
200744901
200749420
200761842
200768103
200771235
200798765
200813143
200817743
200819253
200823794
200858350
200860833
200874649
200874860
200874831
200875275
200875493
200880273
200881718
200886514
200889656
200890064
200897972
200900503
200901479
200902687
200916614
200938224
200940179
200967287
200986955
200989038
200993051
200993415
200999943
201012421
201061539
201061684
201063169
201065633
201081498
201131129
201109421
201132338
201134627
201144410
201155571
201158212
201165352
201168557
201173113
201178235
201183142
201183610
